# exaritool /usr/local/powerflow/6-2022-R1/dist/generic/tools/ri_scripts/forces.ri fields_res10.snc -out forces_Re20_res10.txt -sec -units mks -name cyl
# Selecting measurements...
# fields_res10.snc:
#	Face (cyl): 70/812
# Number of measurements selected:
#        70 fields_res10.snc
#        70 Total
# Calculating surface normals... done.
# Origin (mks): -0.0 -0.0
# Origin (lattice): -0.0 -0.0
#
# Total selected surface area (mks, timestep 0):  6.2790519058704408
# Projected surface area (sum(abs(n)*A), mks, timestep 0):  3.9999999708608569 3.9921068929862669
# Integrated surface area (sum(n*A), mks, timestep 0):  -2.5378424639566077e-09 5.7429513436457746e-09
#
# Characteristic properties (in mks units):
#	Density:   1.1841314120007744
#	Velocity:  1.0000000000000004
#	Area:      1.0
#	Pressure:  101324.99999999996

     time(s)      Fx           Fy     
0.009092412093 -1.15883e-06 -1.01454e-06
1.827574831        3.3963  7.82908e-05
3.646057249       2.97143  0.000165869
5.464539668       2.87213  0.000148538
7.283022087       2.78062  0.000113629
9.101504505        2.9572  0.000102723
10.91998692       2.83797  0.000101541
12.73846934       2.84472  0.000104121
14.55695176       2.82363  0.000111088
16.37543418       2.92291  9.71372e-05
18.1939166        2.78754   0.00013716
20.01239902       2.84034  0.000116813
21.83088144       2.83115  0.000120845
23.64936385       2.77025  0.000117013
25.46784627       2.68077  0.000129196
27.28632869       2.81567   0.00011437
29.10481111       2.76209  0.000113968
30.92329353       2.80525  0.000121832
32.74177595       2.92775  0.000109138
34.56025837       2.82434  0.000121339
36.37874078       2.95285  0.000117959
38.1972232        2.91203  0.000122176
40.01570562        2.8483  0.000121934
41.83418804       2.90196  0.000124718
43.65267046       2.90675  0.000117595
45.47115288       2.87806   0.00012252
47.2896353        2.86082  0.000120289
49.10811772       2.88554  0.000123832
50.92660013       2.88069   0.00012028
52.74508255       2.86595  0.000119324
54.56356497       2.85523  0.000122571
56.38204739       2.85647  0.000118676
58.20052981       2.86271  0.000121758
60.01901223       2.87303  0.000115788
61.83749465       2.87024  0.000118207
63.65597706       2.85739  0.000120034
65.47445948       2.84727  0.000119155
67.2929419        2.85027  0.000120414
69.11142432       2.83202  0.000120219
70.92990674       2.80625  0.000122189
72.74838916       2.79936  0.000119222
74.56687158        2.8072  0.000119881
76.38535399       2.80091  0.000119732
78.20383641       2.78538  0.000120033
80.02231883       2.77413  0.000119533
81.84080125       2.78884  0.000117048
83.65928367       2.78893  0.000119304
85.47776609       2.77856  0.000117718
87.29624851       2.76912  0.000121703
89.11473093       2.78197  0.000118001
90.93321334       2.78918  0.000118123
92.75169576       2.78354  0.000118945
94.57017818       2.77223  0.000118541
96.3886606        2.77793  0.000120724
98.20714302       2.78653   0.00011851
100.0256254       2.78694  0.000118512
101.8441079       2.77999  0.000120409
103.6625903       2.78604  0.000118239
105.4810727       2.79832   0.00011872
107.2995551       2.80466  0.000118692
109.1180375       2.80391  0.000119536
110.9365199       2.80517  0.000117797
112.7550024       2.81647  0.000120662
114.5734848       2.82363  0.000119219
116.3919672       2.82667  0.000118635
118.2104496       2.82448  0.000119045
120.028932        2.83195  0.000120206
121.8474145       2.83814  0.000121615
123.6658969       2.84239  0.000120575
125.4843793        2.8393  0.000119123
127.3028617       2.84125  0.000120718
129.1213441       2.84628   0.00012047
130.9398266       2.85054  0.000120355
132.758309        2.84992  0.000121218
134.5767914        2.8476  0.000122989
136.3952738       2.85038  0.000120072
138.2137562       2.85272  0.000117891
140.0322386       2.85293  0.000123297
141.8507211       2.84781  0.000121434
143.6692035       2.84625  0.000120209
145.4876859       2.84667  0.000120842
147.3061683       2.84674  0.000120094
149.1246507       2.84197  0.000118901
150.9431332       2.83665  0.000121031
152.7616156       2.83566  0.000120105
154.580098        2.83539  0.000120422
156.3985804       2.83245  0.000121859
158.2170628        2.8258  0.000118872
160.0355453       2.82335  0.000119379
161.8540277       2.82333  0.000121107
163.6725101       2.82224  0.000120244
165.4909925       2.81665  0.000120528
167.3094749       2.81262  0.000120287
169.1279573       2.81271    0.0001208
170.9464398       2.81292  0.000117451
172.7649222        2.8097  0.000122635
174.5834046        2.8053  0.000118487
176.401887        2.80537  0.000123282
178.2203694         2.807   0.00012002
180.0388519       2.80646  0.000117754
181.8573343       2.80327  0.000120326
183.6758167         2.803  0.000118476
185.4942991       2.80569  0.000122954
187.3127815       2.80733  0.000120218
189.1312639       2.80615  0.000119258
190.9497464       2.80558  0.000119624
192.7682288       2.80849   0.00011954
194.5867112       2.81151  0.000118772
196.4051936       2.81217  0.000120404
198.223676        2.81169  0.000121262
200.0421585       2.81389  0.000121453
201.8606409       2.81747  0.000120036
203.6791233       2.81943  0.000120519
205.4976057       2.81944   0.00012369
207.3160881       2.82056  0.000116992
209.1345706       2.82379  0.000117306
210.953053        2.82633  0.000121602
212.7715354       2.82682  0.000117842
214.5900178       2.82692  0.000120005
216.4085002       2.82893  0.000121253
218.2269826       2.83132  0.000118878
220.0454651       2.83204   0.00011577
221.8639475       2.83143   0.00011786
223.6824299       2.83185   0.00012134
225.5009123       2.83347  0.000124023
227.3193947        2.8342   0.00012037
229.1378772       2.83324  0.000119839
230.9563596       2.83225  0.000121134
232.774842        2.83275  0.000118475
234.5933244       2.83326  0.000123868
236.4118068       2.83227  0.000118491
238.2302893       2.83047  0.000116827
240.0487717       2.82976  0.000117698
241.8672541       2.82991  0.000116894
243.6857365       2.82914  0.000121486
245.5042189       2.82711  0.000118511
247.3227013       2.82554  0.000119919
249.1411838       2.82526  0.000118188
250.9596662       2.82482  0.000121746
252.7781486       2.82313  0.000118513
254.596631        2.82124  0.000124765
256.4151134       2.82055  0.000126023
258.2335959       2.82049   0.00011999
260.0520783       2.81951   0.00012159
261.8705607       2.81784  0.000118812
263.6890431       2.81697  0.000121858
265.5075255       2.81718  0.000118787
267.326008        2.81703  0.000119117
269.1444904       2.81597  0.000118893
270.9629728       2.81515  0.000123753
272.7814552       2.81547  0.000116522
274.5999376       2.81607  0.000119348
276.41842         2.81581   0.00012061
278.2369025       2.81528  0.000116489
280.0553849       2.81563  0.000120192
281.8738673       2.81666  0.000121912
283.6923497       2.81716  0.000122429
285.5108321       2.81702  0.000119636
287.3293146       2.81732  0.000118086
289.147797        2.81846  0.000122415
290.9662794       2.81949  0.000121314
292.7847618       2.81972  0.000119378
294.6032442       2.81996  0.000117832
296.4217266       2.82089  0.000123543
298.2402091       2.82208  0.000119696
300.0586915       2.82267  0.000117072
301.8771739       2.82281  0.000117328
303.6956563       2.82334  0.000121296
305.5141387        2.8244  0.000120137
307.3326212       2.82508  0.000119641
309.1511036       2.82516  0.000117755
310.969586        2.82525  0.000118831
312.7880684        2.8259  0.000117468
314.6065508       2.82649  0.000122769
316.4250333       2.82652  0.000120863
318.2435157       2.82626  0.000118164
320.0619981       2.82639  0.000119023
321.8804805       2.82676  0.000119172
323.6989629       2.82671   0.00011874
325.5174453       2.82626  0.000115929
327.3359278        2.8259   0.00012034
329.1544102       2.82596  0.000118859
330.9728926       2.82588  0.000119471
332.791375        2.82537  0.000118321
334.6098574       2.82469  0.000119826
336.4283399       2.82445  0.000118857
338.2468223       2.82433  0.000121582
340.0653047       2.82388  0.000116925
341.8837871       2.82316  0.000116371
343.7022695       2.82267  0.000115537
345.520752        2.82253   0.00012295
347.3392344       2.82226  0.000116121
349.1577168       2.82165  0.000118762
350.9761992       2.82109  0.000119433
352.7946816       2.82093    0.0001196
354.613164        2.82086  0.000119805
356.4316465        2.8205  0.000119207
358.2501289       2.82004  0.000117647
360.0686113       2.81992  0.000121921
361.8870937          2.82  0.000122495
363.7055761       2.81994  0.000119687
365.5240586       2.81965  0.000116796
367.342541        2.81956  0.000121357
369.1610234       2.81974  0.000123697
370.9795058       2.81998  0.000118338
372.7979882       2.81993  0.000120998
374.6164707       2.81993   0.00012248
376.4349531       2.82017  0.000121173
378.2534355       2.82052  0.000121102
380.0719179       2.82074  0.000115111
381.8904003       2.82078  0.000120834
383.7088827       2.82102  0.000121187
385.5273652       2.82139  0.000122092
387.3458476       2.82177    0.0001188
389.16433         2.82188  0.000116855
390.9828124       2.82204  0.000120356
392.8012948       2.82232  0.000119182
394.6197773       2.82274  0.000124781
396.4382597       2.82295   0.00012004
398.2567421       2.82301  0.000117093
400.0752245       2.82318  0.000116645
401.8937069       2.82349  0.000118816
403.7121893       2.82369  0.000123175
405.5306718       2.82374  0.000117415
407.3491542       2.82373  0.000116287
409.1676366       2.82391  0.000120041
410.986119        2.82406  0.000120587
412.8046014       2.82405  0.000117553
414.6230839       2.82394  0.000114721
416.4415663       2.82391  0.000119576
418.2600487       2.82397  0.000118228
420.0785311       2.82388   0.00012053
421.8970135       2.82376  0.000122457
423.715496        2.82356   0.00012037
425.5339784       2.82352  0.000121138
427.3524608       2.82344  0.000119454
429.1709432       2.82326  0.000117728
430.9894256       2.82304  0.000119633
432.807908        2.82289  0.000117716
434.6263905       2.82281  0.000119161
436.4448729       2.82268  0.000120138
438.2633553       2.82249  0.000124252
440.0818377       2.82227  0.000118059
441.9003201       2.82218  0.000121125
443.7188026       2.82209  0.000123217
445.537285        2.82193   0.00011616
447.3557674       2.82171  0.000118607
449.1742498       2.82161  0.000116275
450.9927322       2.82158  0.000122847
452.8112147       2.82154  0.000121605
454.6296971       2.82141  0.000121858
456.4481795       2.82133  0.000115246
458.2666619       2.82133   0.00011863
460.0851443       2.82134  0.000121392
461.9036267       2.82128   0.00012338
463.7221092       2.82125   0.00012065
465.5405916        2.8213  0.000117363
467.359074        2.82139  0.000116792
469.1775564       2.82147   0.00011908
470.9960388       2.82148  0.000119773
472.8145213       2.82153  0.000118002
474.6330037       2.82163  0.000118393
476.4514861       2.82176  0.000116371
478.2699685       2.82184  0.000123788
480.0884509       2.82191  0.000121507
481.9069333       2.82201  0.000121653
483.7254158       2.82213  0.000116534
485.5438982       2.82224  0.000119118
487.3623806       2.82228  0.000122275
489.180863        2.82235   0.00012099
490.9993454       2.82243  0.000123423
492.8178279       2.82257   0.00011812
494.6363103       2.82263   0.00011563
496.4547927       2.82265  0.000120808
498.2732751       2.82269  0.000120973
500.0917575       2.82278    0.0001218
501.91024         2.82282  0.000118603
503.7287224       2.82283  0.000119234
505.5472048       2.82284  0.000117897
507.3656872       2.82289  0.000125797
509.1841696       2.82294  0.000118439
511.002652        2.82295  0.000119548
512.8211345       2.82294  0.000117012
514.6396169       2.82295  0.000120979
516.4580993       2.82298  0.000115986
518.2765817       2.82296  0.000120578
520.0950641        2.8229  0.000116834
521.9135466       2.82283  0.000120423
523.732029        2.82278   0.00012451
525.5505114       2.82273  0.000122151
527.3689938       2.82267  0.000116241
529.1874762       2.82262  0.000120717
531.0059587       2.82254  0.000124446
532.8244411       2.82252  0.000117981
534.6429235        2.8225  0.000127895
536.4614059       2.82247  0.000114923
538.2798883       2.82243  0.000124975
540.0983707       2.82241  0.000119594
541.9168532       2.82241  0.000117668
543.7353356        2.8224  0.000126283
545.553818        2.82236     0.000122
547.3723004        2.8223  0.000115022
549.1907828       2.82227  0.000121001
551.0092653       2.82225  0.000111133
552.8277477       2.82222  0.000122182
554.6462301       2.82219  0.000119122
556.4647125       2.82216  0.000117337
558.2831949       2.82217  0.000121464
560.1016774       2.82218  0.000118527
561.9201598       2.82216  0.000123568
563.7386422       2.82215  0.000117896
565.5571246       2.82216  0.000120885
567.375607        2.82217  0.000114748
569.1940894       2.82218  0.000121557
571.0125719        2.8222  0.000119612
572.8310543       2.82219  0.000120268
574.6495367        2.8222  0.000119441
576.4680191       2.82221  0.000123897
578.2865015       2.82223  0.000112019
580.104984        2.82223  0.000122682
581.9234664       2.82222  0.000119369

