# exaritool /usr/local/powerflow/6-2022-R1/dist/generic/tools/ri_scripts/forces.ri fields_res10.snc -out forces_Re100_res10.txt -sec -units mks -name cyl
# Selecting measurements...
# fields_res10.snc:
#	Face (cyl): 70/812
# Number of measurements selected:
#        70 fields_res10.snc
#        70 Total
# Calculating surface normals... done.
# Origin (mks): -0.0 -0.0
# Origin (lattice): -0.0 -0.0
#
# Total selected surface area (mks, timestep 0):  6.2790519058704408
# Projected surface area (sum(abs(n)*A), mks, timestep 0):  3.9999999708608569 3.9921068929862669
# Integrated surface area (sum(n*A), mks, timestep 0):  -2.5378424639566077e-09 5.7429513436457746e-09
#
# Characteristic properties (in mks units):
#	Density:   1.1841314120007744
#	Velocity:  1.0000000000000004
#	Area:      1.0
#	Pressure:  101324.99999999996

     time(s)      Fx           Fy     
0.009092412093 -9.62682e-07 -7.16939e-07
1.827574831       1.59423  0.000259695
3.646057249        1.9084  0.000263112
5.464539668       1.82046  0.000130812
7.283022087       1.67333  2.23482e-05
9.101504505       1.54135 -4.36496e-05
10.91998692       1.74963  1.67989e-05
12.73846934       1.69469  0.000148682
14.55695176       1.68616  0.000278355
16.37543418       1.83713  0.000340271
18.1939166         1.5727  0.000398615
20.01239902       1.64997  0.000258623
21.83088144       1.64941  0.000130293
23.64936385       1.57597  2.89278e-05
25.46784627       1.46839  7.90772e-05
27.28632869       1.69867  0.000183042
29.10481111        1.5384  0.000359846
30.92329353       1.66299  0.000518334
32.74177595       1.68282  0.000482447
34.56025837       1.58407  0.000302306
36.37874078       1.76655  3.14608e-05
38.1972232        1.60611 -0.000156997
40.01570562       1.59956 -0.000129707
41.83418804       1.62501  0.000198891
43.65267046       1.55091  0.000534992
45.47115288       1.63074  0.000835383
47.2896353        1.62594  0.000802754
49.10811772       1.68616  0.000382613
50.92660013       1.59543 -0.000170626
52.74508255        1.6122 -0.000737758
54.56356497       1.59467 -0.000671735
56.38204739       1.62959 -0.000121767
58.20052981       1.59172  0.000948168
60.01901223       1.62497   0.00178414
61.83749465       1.59495    0.0017467
63.65597706       1.61874  0.000920626
65.47445948       1.56605 -0.000789593
67.2929419         1.6217  -0.00199649
69.11142432       1.58247   -0.0025754
70.92990674       1.55011  -0.00119915
72.74838916       1.55254   0.00129035
74.56687158       1.59612   0.00391788
76.38535399       1.55665   0.00518616
78.20383641       1.54529   0.00330318
80.02231883       1.53696 -0.000354319
81.84080125       1.59148  -0.00523596
83.65928367       1.53717  -0.00774825
85.47776609       1.56383  -0.00665435
87.29624851       1.54776 -0.000480752
89.11473093       1.58106   0.00735917
90.93321334       1.55548     0.013995
92.75169576       1.57423    0.0135676
94.57017818       1.54578   0.00521919
96.3886606        1.57397  -0.00845968
98.20714302       1.56757   -0.0218547
100.0256254       1.58053   -0.0236332
101.8441079         1.561   -0.0133175
103.6625903       1.58899    0.0126368
105.4810727       1.59749     0.034959
107.2995551       1.60944    0.0428446
109.1180375       1.61696    0.0213959
110.9365199       1.61138   -0.0218569
112.7550024       1.64876   -0.0606713
114.5734848       1.63979   -0.0669098
116.3919672        1.6694   -0.0200676
118.2104496       1.63932    0.0539054
120.028932        1.69471     0.109089
121.8474145       1.66804    0.0813899
123.6658969        1.7073   -0.0156912
125.4843793       1.68127    -0.130441
127.3028617       1.72432    -0.148834
129.1213441       1.70689   -0.0446433
130.9398266       1.74165      0.12175
132.758309        1.74719      0.21279
134.5767914       1.73758     0.116256
136.3952738       1.74931   -0.0925773
138.2137562       1.77465    -0.257261
140.0322386       1.79852    -0.195747
141.8507211       1.74413      0.05319
143.6692035       1.79293     0.286675
145.4876859       1.81653     0.275453
147.3061683       1.81518   0.00450924
149.1246507       1.78501    -0.291925
150.9431332       1.82903    -0.348164
152.7616156       1.84608   -0.0734283
154.580098        1.82493     0.278653
156.3985804       1.84068     0.393578
158.2170628       1.83424     0.155786
160.0355453       1.87023    -0.253268
161.8540277       1.85158    -0.428842
163.6725101       1.85828    -0.214301
165.4909925       1.85739      0.20345
167.3094749       1.89987      0.45909
169.1279573       1.86264     0.270092
170.9464398       1.86696    -0.161069
172.7649222       1.91683    -0.452181
174.5834046       1.88611    -0.326086
176.401887        1.86797     0.113438
178.2203694        1.9142     0.443691
180.0388519       1.92802     0.356608
181.8573343       1.85392   -0.0656874
183.6758167       1.91352    -0.420044
185.4942991        1.9326    -0.384071
187.3127815       1.88314    0.0200269
189.1312639       1.88385     0.397589
190.9497464       1.93682     0.393415
192.7682288       1.89129    0.0306797
194.5867112       1.87452    -0.366652
196.4051936       1.93044    -0.404522
198.223676        1.88614    -0.071966
200.0421585       1.87375     0.332591
201.8606409       1.91032     0.413583
203.6791233       1.90385     0.117946
205.4976057       1.85641    -0.296987
207.3160881       1.90301    -0.426156
209.1345706       1.90239    -0.162691
210.953053        1.86122     0.254163
212.7715354       1.88907     0.434085
214.5900178       1.89708     0.211413
216.4085002       1.86291    -0.208812
218.2269826       1.87899    -0.434186
220.0454651       1.90525     -0.25786
221.8639475       1.85223     0.160292
223.6824299        1.8778     0.428736
225.5009123       1.90656     0.301569
227.3193947       1.86167    -0.103515
229.1378772       1.86551    -0.416779
230.9563596       1.90724    -0.336114
232.774842        1.86893    0.0454194
234.5933244       1.86247     0.392052
236.4118068       1.90774     0.366979
238.2302893       1.86852   0.00939841
240.0487717       1.86153    -0.362962
241.8672541       1.90714    -0.387481
243.6857365       1.87817   -0.0643904
245.5042189       1.85397     0.329587
247.3227013       1.90528      0.40801
249.1411838       1.88772     0.116003
250.9596662       1.85381    -0.289692
252.7781486       1.89992      -0.4195
254.596631        1.89214    -0.168303
256.4151134       1.85526     0.248234
258.2335959       1.89684     0.427348
260.0520783       1.89857     0.214904
261.8705607       1.85499    -0.201392
263.6890431       1.88923    -0.429361
265.5075255       1.91007    -0.260944
267.326008         1.8581      0.15331
269.1444904       1.88259     0.424246
270.9629728       1.91386     0.302291
272.7814552         1.865   -0.0999876
274.5999376       1.87716    -0.411403
276.41842         1.91527    -0.336501
278.2369025       1.86971    0.0475339
280.0553849       1.86906     0.391565
281.8738673       1.92018     0.365966
283.6923497       1.87307   0.00561959
285.5108321       1.86432    -0.366825
287.3293146       1.91445    -0.388948
289.147797        1.88266   -0.0581211
290.9662794       1.85963     0.335829
292.7847618       1.90906     0.407741
294.6032442       1.88749     0.109863
296.4217266        1.8553     -0.29893
298.2402091       1.90675    -0.419989
300.0586915       1.88928     -0.15909
301.8771739       1.85387     0.258861
303.6956563       1.89614     0.428976
305.5141387       1.89958     0.206973
307.3326212       1.85152     -0.21263
309.1511036        1.8872    -0.430773
310.969586        1.90367    -0.253351
312.7880684       1.85422     0.163042
314.6065508       1.88216     0.425615
316.4250333       1.90532     0.295606
318.2435157       1.85862    -0.109294
320.0619981       1.87161    -0.413133
321.8804805       1.91389    -0.332102
323.6989629       1.86003    0.0553205
325.5174453       1.86578     0.394883
327.3359278        1.9134     0.363965
329.1544102       1.86976   0.00201462
330.9728926       1.86097    -0.368393
332.791375        1.91018    -0.389056
334.6098574       1.87773   -0.0564308
336.4283399       1.85603     0.336357
338.2468223       1.91132     0.407855
340.0653047       1.88238     0.110293
341.8837871       1.85575    -0.298839
343.7022695       1.90422    -0.421352
345.520752        1.89396    -0.160369
347.3392344       1.85394     0.257388
349.1577168       1.89725     0.428941
350.9761992       1.90077     0.209142
352.7946816       1.85518    -0.210987
354.613164        1.89174    -0.429482
356.4316465       1.90385    -0.252946
358.2501289       1.85902     0.161922
360.0686113       1.88332     0.424526
361.8870937       1.91283     0.294242
363.7055761       1.86028    -0.110502
365.5240586       1.87577     -0.41273
367.342541         1.9156    -0.329735
369.1610234       1.86608    0.0572106
370.9795058       1.86972     0.395376
372.7979882       1.91411     0.361067
374.6164707       1.87289  -0.00256874
376.4349531       1.86293     -0.37014
378.2534355       1.91531    -0.385955
380.0719179       1.87609   -0.0503359
381.8904003       1.85891     0.340694
383.7088827       1.91137     0.406393
385.5273652       1.88537     0.103452
387.3458476       1.85556     -0.30451
389.16433          1.9044    -0.420423
390.9828124       1.89283    -0.154409
392.8012948       1.85383      0.26399
394.6197773       1.89913     0.428867
396.4382597       1.89606     0.202338
398.2567421       1.85423    -0.217611
400.0752245        1.8905     -0.43038
401.8937069       1.90367    -0.247765
403.7121893       1.85473     0.169532
405.5306718       1.88236     0.426184
407.3491542       1.90982      0.29002
409.1676366       1.85827    -0.116259
410.986119        1.87496    -0.414735
412.8046014       1.91117    -0.326632
414.6230839       1.86329    0.0627453
416.4415663       1.86794     0.396783
418.2600487       1.91368     0.358654
420.0785311       1.86812  -0.00686504
421.8970135       1.86161    -0.372394
423.715496        1.91391    -0.384729
425.5339784       1.87521   -0.0471765
427.3524608       1.85762     0.342311
429.1709432       1.90979     0.405839
430.9894256       1.88461     0.101755
432.807908        1.85554    -0.305728
434.6263905       1.90534     -0.41984
436.4448729       1.89107    -0.152577
438.2633553        1.8543      0.26491
440.0818377       1.90007     0.428625
441.9003201       1.89777     0.200934
443.7188026       1.85482    -0.219567
445.537285          1.891    -0.430276
447.3557674       1.90561    -0.246306
449.1742498       1.85704     0.170852
450.9927322       1.88426     0.426178
452.8112147       1.91009     0.287979
454.6296971       1.86025    -0.118496
456.4481795        1.8773    -0.414764
458.2666619       1.91305    -0.324058
460.0851443       1.86422    0.0661362
461.9036267       1.86917      0.39804
463.7221092       1.91578     0.356204
465.5405916       1.86978   -0.0110584
467.359074         1.8631    -0.374507
469.1775564       1.91407    -0.382513
470.9960388       1.87614   -0.0425611
472.8145213       1.85928     0.345175
474.6330037       1.91062     0.403888
476.4514861       1.88368    0.0963036
478.2699685       1.85546    -0.309615
480.0884509       1.90689    -0.418666
481.9069333       1.89027    -0.147276
483.7254158       1.85386     0.269909
485.5438982       1.89971     0.428402
487.3623806       1.89721     0.196249
489.180863        1.85442    -0.224564
490.9993454         1.891    -0.430712
492.8178279       1.90348    -0.242012
494.6363103       1.85545     0.175934
496.4547927       1.88513     0.427008
498.2732751       1.90821     0.284319
500.0917575       1.85838    -0.123885
501.91024         1.87635    -0.416307
503.7287224       1.91268    -0.321286
505.5472048       1.86268    0.0707961
507.3656872        1.8686     0.399938
509.1841696       1.91432     0.354139
511.002652        1.86835   -0.0150562
512.8211345        1.8635    -0.376208
514.6396169       1.91299    -0.380857
516.4580993       1.87467   -0.0389141
518.2765817       1.85844     0.347195
520.0950641       1.91149     0.402663
521.9135466       1.88261    0.0930724
523.732029        1.85525    -0.311848
525.5505114       1.90672     -0.41806
527.3689938       1.89036    -0.144627
529.1874762       1.85461     0.272123
531.0059587       1.89981     0.427922
532.8244411       1.89707     0.193659
534.6429235       1.85459    -0.226837
536.4614059       1.89279    -0.430515
538.2798883       1.90329     -0.23934
540.0983707         1.856     0.178836
541.9168532       1.88576     0.427251
543.7353356       1.90943     0.281869
545.553818        1.85931    -0.127065
547.3723004        1.8771    -0.417147
549.1907828       1.91317    -0.318846
551.0092653        1.8633    0.0743191
552.8277477       1.87077     0.401626
554.6462301       1.91429     0.351736
556.4647125       1.86863    -0.019159
558.2831949       1.86414    -0.378161
560.1016774       1.91427    -0.378689
561.9201598       1.87456   -0.0343765
563.7386422       1.85892     0.350204
565.5571246       1.91195     0.401131
567.375607        1.88252     0.088599
569.1940894       1.85605    -0.315167
571.0125719       1.90664    -0.416896
572.8310543       1.88958    -0.139897
574.6495367       1.85439     0.275819
576.4680191        1.9009     0.427371
578.2865015       1.89581     0.189309
580.104984        1.85392    -0.231185
581.9234664       1.89363    -0.430847

